% -------------------------------------------------------------------
%  Generated by MATLAB on 14-Nov-2020 21:23:29
%  MATLAB version: 9.0.0.341360 (R2016a)
% -------------------------------------------------------------------
                                     

ans = 'hello world';

